Batch Size: ['100']
Test Batch Size: 100
0.8453627853971438
0.7780528227797859
0.7883735497011254
0.86320606091014
0.8694442426849778
0.8486547538667852
0.8889255485197264
0.8036604031654021
0.7720512219664493
0.8881883176148464
0.904514140092781
0.8498351920112351
0.888387950800389
0.8618749699295397
0.863919449519885
0.8092679242662314
0.8423715280967152
0.8764517484542345
0.8586464415261964
0.8346392169341941
0.7905998003903869
0.8715532101089926

Batch Size: ['200']
Test Batch Size: 200
0.7892901401218536
0.6911693272026777
0.7318807289273915
0.8343838853732529
0.8531003756836373
0.8261493336734044
0.8468154804525275
0.5935081401046973
0.6443989461321143
0.873687689257113
0.8713692323165907
0.8101924076963078
0.8456104252400549
0.8353100185842203
0.8008630420566393
0.723310257963865
0.772589401583389
0.8526554763053932
0.8363247671176128
0.7910739277740038
0.7066590140193593
0.8340410650946696

Batch Size: ['500']
Test Batch Size: 500
0.40276169351955293
0.3100107022705131
0.357181006969322
0.5674719153073834
0.3257415661261815
0.20453169641594296
0.07053112046579893
0.16846642203972273
0.1269756553171359
0.8462540917710943
0.8184026953609198
0.5622084440507824
0.6871477818396534
0.7414751413117343
0.0993998867710889
0.09506268579552798
0.14512327533698788
0.7104432169109651
0.5632665556894936
0.5573334028419078
0.2985613354321485
0.20240696588630663

Batch Size: ['1000']
Test Batch Size: 1000
0.19437592669079495
0.21455420474026077
0.10893350176316406
0.39383521440909625
0.36895506907463516
0.7558583372948184
0.27509420064028106
0.20142142187892778
0.12306849451520922
0.24174679893290082
0.18890719384953322
0.16429328160041828
0.09884132211245274
0.08290881431588219
0.16233223610111977
0.12241828915161503
0.09048582171605424
0.09388100875382845
0.03800974040627424
0.08614317879298133
0.09661764959401452
0.17358868086322707

