Batch Size: ['100']
Test Batch Size: 100
0.820000097644166
0.6722391388463638
0.7103815982235501
0.7809219525871235
0.8686254853336892
0.8568816444166507
0.7242549050970357
0.6761138743672266
0.6926415160449086
0.914585771263959
0.9187214274272054
0.8859952918180796
0.9367507249983973
0.8855083010494925
0.82581817206238
0.7886677627542884
0.8008552536772223
0.9241111326986595
0.8948752753921033
0.822582157264228
0.7811700944678409
0.8583005707370863

Batch Size: ['200']
Test Batch Size: 200
0.7598802601436389
0.64354778191474
0.6660680683749741
0.6673684363625786
0.848538771742299
0.8246582367309483
0.7807803657418858
0.6397948846487242
0.6648306082540723
0.8660337824935878
0.8771566719735834
0.8185622902604034
0.8722135999925653
0.8286615029407819
0.7368091894331019
0.7583421474980704
0.6912509925401872
0.8249920457579204
0.8268390504760662
0.701295454897148
0.7246475353950818
0.6950940455876986

Batch Size: ['500']
Test Batch Size: 500
0.7229037696000276
0.567061250609993
0.5805016778767838
0.6363293311178336
0.8600785473992393
0.8087718942176939
0.6997198611068753
0.5427974675282291
0.6030316787732042
0.856611409820721
0.8611543682026275
0.7993944255352974
0.8804184218220408
0.7996038694780092
0.7249780640104952
0.6792687139527663
0.6685141712854282
0.8553816217472119
0.8115493852715492
0.6317759311216293
0.6405333975573738
0.6735036731655794

Batch Size: ['1000']
Test Batch Size: 1000
0.6769632539073877
0.5376008119989973
0.5283734289586083
0.5349005315110098
0.8374285095596571
0.7696850054606403
0.6794722579300281
0.5063102746754845
0.50076367247697
0.8210354311471524
0.8567435672757739
0.7723514769007624
0.8560039308263232
0.7584285729800566
0.5499852194803084
0.6319707628282317
0.57941833625704
0.8316151719728454
0.7737084969240583
0.6200426391161049
0.637662745891099
0.6327274878839875

