Batch Size: ['100']
Test Batch Size: 100
0.8601996100258154
0.7550669948647836
0.7907780137260333
0.8452286320663709
0.8955883532287623
0.8791047418003501
0.8753941441441441
0.8095277675528694
0.7697075548812402
0.9184986815320453
0.9257087888912153
0.8977008725798284
0.9363042594381673
0.9034827931864425
0.8545538963859391
0.8205324925976096
0.835277394255555
0.9337191666459469
0.9097544324223681
0.8364524911407946
0.803341101548259
0.8684692376534002

Batch Size: ['300']
Test Batch Size: 300
0.7342960914459878
0.5396518491386298
0.6066075005736754
0.7036841027387954
0.8728108120747304
0.8353144647178653
0.6989335588947491
0.48195897472025556
0.5025302591262634
0.8803114857699847
0.8905995687718704
0.8288882029220874
0.9086319488432419
0.8396100938984105
0.7178331936295055
0.6982605458637201
0.6957716647672931
0.8842040274609695
0.8364381049414162
0.6754992242701998
0.6020546896806317
0.7206236475614491

Batch Size: ['500']
Test Batch Size: 500
0.7294202215612187
0.5852209006721085
0.6292648870784723
0.6518693826951794
0.8636989502671703
0.8112552200449727
0.6507619445290841
0.6075553229165506
0.59961313066569
0.8273563469943421
0.8616470428974468
0.794525501189136
0.8763271246924617
0.8157572454143711
0.6875993640699524
0.6244198627883841
0.675396903258108
0.8598241784089321
0.8303689928315341
0.6791262261319632
0.6692729777072448
0.7169631475324879

Batch Size: ['1000']
Test Batch Size: 1000
0.669296854534885
0.38833528941250345
0.4502162025829904
0.4809216171200727
0.8546309828279138
0.8111559959969733
0.5775246436259157
0.41341927288212665
0.4885854951421901
0.8760895932939502
0.8851582323636522
0.8007813028282622
0.8635021015410071
0.7939827593156299
0.6990741470954717
0.6262265834076717
0.6910504984116552
0.8485657129089489
0.7907785551578264
0.5969723764832845
0.5111062803324158
0.6071563025021212

