Batch Size: ['100']
Test Batch Size: 100
0.8394283330912773
0.7738631159517364
0.7801163747117357
0.8826818988939519
0.8517473293962475
0.8212942541337855
0.8605319883640626
0.8023000921307621
0.7556821045204859
0.897884544229282
0.9168402247461424
0.8581846659281048
0.8772902670461996
0.8637104804689067
0.8432193269249595
0.7992357575940133
0.8261853329916157
0.8926111158204063
0.8525089964014394
0.8287564867139765
0.7832989188169991
0.8600517191320086

Batch Size: ['200']
Test Batch Size: 200
0.8036662432025578
0.716483529903857
0.7173164058698215
0.8314248821556524
0.8352683683378993
0.8332519448769805
0.8569782696447794
0.8054351780346304
0.7422918487080264
0.8579048296698779
0.8679271225125197
0.7897521054137087
0.8469881602143453
0.801127915021061
0.8306984206099498
0.7801569640036013
0.8034124656045423
0.8312485275061845
0.8184234893515338
0.7769886383736841
0.7290182943239875
0.804893747117066

Batch Size: ['500']
Test Batch Size: 500
0.768685487919919
0.6743794712383626
0.6847668674883292
0.8146653452373953
0.8169678112734764
0.7878719446979748
0.7891425549721652
0.7088321034027028
0.671071467900011
0.854476888210247
0.8459054079460014
0.7830069316107393
0.811744780700222
0.797993343570431
0.8029761904761905
0.7334467086183779
0.7522765191508684
0.8335039653929344
0.7872772041463588
0.7672981379003919
0.6467320142576561
0.778059588127464

Batch Size: ['1000']
Test Batch Size: 1000
0.7352496075222876
0.6252391217564871
0.6534756619016405
0.781097076523193
0.7884767166535123
0.7689667121127235
0.7891018429503569
0.6608676716107332
0.6128095757695996
0.8175246764789056
0.8361539921056806
0.7675225774864649
0.776119951422687
0.7587203338874545
0.7614350540928129
0.7138890540732169
0.7215469026078407
0.8127637082233686
0.7695987651211202
0.6939679398608932
0.6167154094619424
0.714249013867406

