Batch Size: ['100']
Test Batch Size: 100
0.8601555951240453
0.7553501556584393
0.7909164539233584
0.8450313548255183
0.8956708233574734
0.8794391358810065
0.8753941441441441
0.8095277675528694
0.7697075548812402
0.9186191293658866
0.9255669518176288
0.8975391651592204
0.9363776084993994
0.9034558304631297
0.8541157538219718
0.8203489231482184
0.83537966546721
0.9336638094254536
0.909538041511112
0.836645920633465
0.8025078369905957
0.8684714710776108

Batch Size: ['300']
Test Batch Size: 300
0.8150913155943313
0.6977569746443059
0.7521956616952121
0.8014403608985511
0.8680451364811196
0.8444908863280133
0.8356500085118512
0.7243412108414568
0.6769577331199241
0.8911265530254846
0.9034416987503858
0.8543828264758496
0.8846110948325566
0.8540943754848025
0.8251194185630157
0.7962175902389426
0.7806153867443454
0.8907306553961031
0.862786472565524
0.7884294724632077
0.7570640966647919
0.8274200137555139

Batch Size: ['500']
Test Batch Size: 500
0.7899554262581058
0.6270138772447857
0.7213292049056189
0.7809876158579329
0.8627710488185815
0.8325457215325057
0.7690333251415041
0.6963490246307652
0.6838118070122865
0.8894817226207415
0.8884914235449348
0.8364717156056936
0.8677348473423072
0.8360690189939924
0.7765664531979867
0.7681548563477921
0.7553328511898612
0.8750475951215492
0.8402337729063195
0.7720340254582665
0.7349286245449036
0.7746754194018963

Batch Size: ['1000']
Test Batch Size: 1000
0.7631386085730044
0.5910171843923937
0.6922097347233264
0.7792482334078897
0.8522623849167952
0.8097299245502426
0.8189628402856847
0.6407457310198807
0.6078744750349977
0.8669286447361315
0.8811128232374145
0.81617259545589
0.8403964495907059
0.8069321169153545
0.710803632289455
0.751903139871502
0.6922859526821522
0.8518549362520572
0.8132967168094437
0.7377983802947288
0.7095955351563341
0.7547793484107134

