Batch Size: ['100']
Test Batch Size: 100
0.8394609627978343
0.7747972551466002
0.7793495176526487
0.8827026714789086
0.851856143321895
0.8207710634611219
0.8605319883640626
0.8023000921307621
0.7556821045204859
0.8978689527493635
0.9165263255297492
0.8582092545723701
0.8772157299510726
0.8634680428187872
0.8437479185848336
0.799332068049871
0.8261792832769503
0.8927994754622207
0.8528340093623245
0.8286875667615367
0.7832412870235396
0.8605794685354178

Batch Size: ['200']
Test Batch Size: 200
0.8117408662828883
0.651868655982125
0.7360841234030159
0.8767557998491984
0.8606814591300745
0.8083440565233777
0.8948765001335367
0.7777698193065278
0.7247473518017487
0.8665181738181383
0.8895083835259646
0.8430588747321514
0.8653342158456151
0.8382281750613673
0.8368002256199514
0.7870043448635925
0.7694237894279837
0.8706777154393296
0.8168764866859294
0.7688006512699029
0.7363934612758856
0.8268059282452405

Batch Size: ['500']
Test Batch Size: 500
0.7626973969264641
0.6519403440806862
0.6806635005968585
0.8061405051675944
0.8473253865443353
0.8148927506962653
0.8775904520894603
0.6594861028707042
0.6217993124812109
0.8537565244048372
0.8124459553463234
0.7834557959197381
0.8084432353005361
0.784710602112193
0.746650372448836
0.7260025716923981
0.7693231376709099
0.8280113085063194
0.7777545031349589
0.7467552076334797
0.642438403605032
0.7770593631530665

Batch Size: ['1000']
Test Batch Size: 1000
0.7178008348545071
0.5727617585511668
0.6321330006467324
0.7272813080543505
0.8362875087229588
0.7809346426239723
0.7965299124038308
0.6621209650102247
0.6084798879681307
0.7820409864059952
0.862787247143392
0.7617760341976143
0.8285470518193494
0.776455380226442
0.7158126492268099
0.6067923273397412
0.5831149927219796
0.8336770593230619
0.7579028290911619
0.6775329056520297
0.6098022543337542
0.6610468304819487

