Batch Size: ['100']
Test Batch Size: 100
0.8200349776025487
0.6726837222053879
0.7102771790870541
0.78124241163615
0.8684071713592444
0.8565235854665286
0.7242549050970357
0.6761138743672266
0.6926415160449086
0.9144343218268489
0.9185304276986999
0.8859952918180796
0.9363781836824319
0.8856899722944248
0.8266641089583733
0.7888710251469667
0.800723763570567
0.9238078035383757
0.8948336518782877
0.822169953528544
0.7819954592432491
0.8584962012051348

Batch Size: ['200']
Test Batch Size: 200
0.7905217991739976
0.6851467737939678
0.6787164347901394
0.7001567476436962
0.8553494255973594
0.8216121375485068
0.7856663124940033
0.6471838585552491
0.688146510143809
0.889904583793486
0.9047073750059883
0.8513359891657851
0.8802268655572479
0.8487611041706884
0.7940530635733107
0.7688987711345611
0.716233498210262
0.8884274847730064
0.8587493184546323
0.7764663026564301
0.7402691296028144
0.8209460959890065

Batch Size: ['500']
Test Batch Size: 500
0.7501199610126897
0.6464744266297117
0.6780861101207997
0.7012599879830327
0.8458550810660852
0.792456652648345
0.6364704089225998
0.5943019620165141
0.6770550203260709
0.8734087115881796
0.8745432550253549
0.8203939467689103
0.8438922190537159
0.7959163508164876
0.7075661863865427
0.7413115927172151
0.6685001147162886
0.8578147821795432
0.8085218560388044
0.7392498982471826
0.7148126218385898
0.7346279961765098

Batch Size: ['1000']
Test Batch Size: 1000
0.7427156616562933
0.6531609950266477
0.6707599236671444
0.7153278263999225
0.8235125541407496
0.8029259681459697
0.7382537531413234
0.6252630332646263
0.6535816345970661
0.8522609158133169
0.8707329682474328
0.7986997385343791
0.8086913371031361
0.7659891570867526
0.6628979749290665
0.7505602877851117
0.6287985377848493
0.8337085390967071
0.8014084260006313
0.7048290843779084
0.6975305072002775
0.7381357324391445

