Batch Size: ['100']
Test Batch Size: 100
0.8004769614567577
0.7035408820083893
0.71422454666305
0.7666744513530324
0.7917914191846444
0.796026347819861
0.8629951417968733
0.7090203881341461
0.656093733375891
0.9173134839989227
0.8942451924221622
0.8653520402799032
0.9405694897086881
0.8955473689645901
0.6620489631016142
0.7565418243391161
0.7327489536444761
0.898084279445033
0.8934973771411576
0.8140705016804228
0.737108520373273
0.8025212851566639

Batch Size: ['1000']
Test Batch Size: 1000
0.5343937925812875
0.41932685846924433
0.36421470940253475
0.417759872997448
0.6933994573848091
0.6440154042322999
0.2831669747381393
0.2617423109215314
0.42605386569117815
0.7545174233650029
0.8211534700515696
0.7367597963175287
0.8558017090138846
0.6511536592106892
0.4685865209100272
0.3337605048781273
0.3950417367502795
0.7918603206976121
0.47195324792088106
0.4644023252512531
0.4144938592723636
0.5531056167306307

